5
149977870665.04697
2582001783.305841


10
149977870238.15738
2582001777.7939467


500
149977777100.8756
2584989368.8796597


1000
149977476715.8483
2599929452.8649654


10000
149975099313.04364
2689561541.076898


40000
149952571288.17523
3585855261.2792945


86400
149970495706.82693
2581874844.365184

Razlike
5-10
426.88959
5.5118943

10-500
93137.28178
-2987591.085713

500-1000
300385.0273
-14940083.9853057

1000-10000
2377402.80466
-89632088.2119326

10000-40000
22528024.86841
-896293720.2023965

40000-86400
-17924418.6517
1003980416.9141105

5-86400
7374958.22004
126938.940657

5-40000
25299376.87174
-1003853477.9734535